%YAML:1.0

#--------------------------------------------------------------------------------------------
# Camera Parameters. Adjust them!
#--------------------------------------------------------------------------------------------
Camera.type: "PinHole"

# Camera calibration and distortion parameters (OpenCV)
Camera.fx: 655.0
Camera.fy: 655.0
Camera.cx: 306.0
Camera.cy: 256.0

Camera.k1: 0.0
Camera.k2: 0.0
Camera.p1: 0.0
Camera.p2: 0.0

Camera.bFishEye: 0

Camera.width: 612
Camera.height: 512

# Camera frames per second
Camera.fps: 30

# stereo baseline times fx
Camera.bf: 78.89165891925023

# Color order of the images (0: BGR, 1: RGB. It is ignored if images are grayscale)
Camera.RGB: 0

# Close/Far threshold. Baseline times.
ThDepth: 35.0

# scale image by a factor
ImageScale: 1.0


#--------------------------------------------------------------------------------------------
# ORB Parameters
#--------------------------------------------------------------------------------------------

# ORB Extractor: Number of features per image
ORBextractor.nFeatures: 700

# ORB Extractor: Scale factor between levels in the scale pyramid
ORBextractor.scaleFactor: 1.2

# ORB Extractor: Number of levels in the scale pyramid
ORBextractor.nLevels: 8

# ORB Extractor: Fast threshold
# Image is divided in a grid. At each cell FAST are extracted imposing a minimum response.
# Firstly we impose iniThFAST. If no corners are detected we impose a lower value minThFAST
# You can lower these values if your images have low contrast
ORBextractor.iniThFAST: 15
ORBextractor.minThFAST: 3

#--------------------------------------------------------------------------------------------
# Viewer Parameters
#--------------------------------------------------------------------------------------------
Viewer.KeyFrameSize: 0.05
Viewer.KeyFrameLineWidth: 1
Viewer.GraphLineWidth: 0.9
Viewer.PointSize:2
Viewer.CameraSize: 0.08
Viewer.CameraLineWidth: 3
Viewer.ViewpointX: 0
Viewer.ViewpointY: -0.7
Viewer.ViewpointZ: -1.8
Viewer.ViewpointF: 500

# Optimization Parameters
Optimizer.visual_lamda: 1
Optimizer.DVL_lamda: 1
Optimizer.DVL_lamda_debug: 1
Optimizer.DVL_func: 1
Optimizer.KF_init_step: 0.5
Optimizer.KF_num_for_init: 50
Optimizer.calibrated: 0 # 0 or 1
Optimizer.mergingThreshold: 3
Tracker.KFThresholdForMap: 5
Tracker.ReLocalTime: 0.5


alpha: !!opencv-matrix
  rows: 4
  cols: 1
  dt: f
  data: [ 1.1780, 1.1780, 1.1780, 1.1780]
beta: !!opencv-matrix
  rows: 4
  cols: 1
  dt: f
  data: [ 0.7854, 0.7854, 0.7854, 0.7854]

# IMU Parameters  -0.0539971  0.0286326
Tbc: !!opencv-matrix
  rows: 4
  cols: 4
  dt: f
  data: [ 0,  0,   1,   0.4, # real rov
          -1,  0,   0,    0,
          0,  -1,  0,    0.1,
          0,  0,   0,    1 ]
IMU.Frequency: 300
IMU.NoiseGyro: 0.1
IMU.NoiseAcc: 0.1
IMU.GyroWalk: 0.01
IMU.AccWalk: 0.01

VisualIntegration: 0

LeftImgTopic: "/camera/left/image_dehazed"
RightImgTopic: "/camera/right/image_dehazed"
ImuTopic: "/imu/data"
DvlTopic: "/bluerov2/DVL"
EnableLoopDetection: 1

# IMU to orb
# only use rotation
T_gyro_c: !!opencv-matrix
  rows: 4
  cols: 4
  dt: f
  data: [ -0.0146092377370724,  -0.0010329024436264711,   -0.99989274589092003,   0, # real rov
          -0.020941509884008114,  0.99978043834885066,   -0.00072681411519202876,    0,
          0.99967395851673535, 0.020928645620823694,  -0.014627660645445281,    0,
          0,  0,   0,    1 ]
#  data: [ 1,  0,   0,   0, # I
#          0,  1,   0,    0,
#          0,  0,  1,    0,
#          0,  0,   0,    1 ]

T_dvl_c: !!opencv-matrix
  rows: 4
  cols: 4
  dt: f
#  data: [ 0,  0,   1,   0.4, # real rov
#          -1,  0,   0,    0,
#          0,  -1,  0,    0.1,
#          0,  0,   0,    1 ]
  data: [ 0.0061,  -0.0341,   0.9993,   0.1153, # real rov 4-beam
          0.9994,  0.0338,   -0.0049,    0.003,
          -0.0336,  0.9988,  0.0343,    -0.2524,
          0,  0,   0,    1 ]

DenseMapper:
  enable: 0
  P1: 200.0
  P2: 400.0
  correlation_window_size: 21
  disp12MaxDiff: 0
  disparity_range: 176
  fullDP: false
  min_disparity: 0
  prefilter_cap: 10
  prefilter_size: 5
  speckle_range: 10
  speckle_size: 10
  stereo_algorithm: 0
  texture_threshold: 5
  uniqueness_ratio: 15.0
  leaf_size: 0.001
  mean_k: 50
  std_thred: 0.05