%YAML:1.0

#--------------------------------------------------------------------------------------------
# Camera Parameters. Adjust them!
#--------------------------------------------------------------------------------------------
Camera.type: "PinHole"

# Camera calibration and distortion parameters (OpenCV)
Camera.fx: 655.0
Camera.fy: 655.0
Camera.cx: 306.0
Camera.cy: 256.0

Camera.k1: 0.0
Camera.k2: 0.0
Camera.p1: 0.0
Camera.p2: 0.0

Camera.bFishEye: 0

Camera.width: 612
Camera.height: 512

# Camera frames per second
Camera.fps: 30

# stereo baseline times fx
Camera.bf: 78.89165891925023

# Color order of the images (0: BGR, 1: RGB. It is ignored if images are grayscale)
Camera.RGB: 0

# Close/Far threshold. Baseline times.
ThDepth: 35.0
ThFarDepth: 10.0

# scale image by a factor
ImageScale: 1.0


#--------------------------------------------------------------------------------------------
# ORB Parameters
#--------------------------------------------------------------------------------------------

# ORB Extractor: Number of features per image
ORBextractor.nFeatures: 1000

# ORB Extractor: Scale factor between levels in the scale pyramid
ORBextractor.scaleFactor: 1.2

# ORB Extractor: Number of levels in the scale pyramid
ORBextractor.nLevels: 8

# ORB Extractor: Fast threshold
# Image is divided in a grid. At each cell FAST are extracted imposing a minimum response.
# Firstly we impose iniThFAST. If no corners are detected we impose a lower value minThFAST
# You can lower these values if your images have low contrast
ORBextractor.iniThFAST: 15
ORBextractor.minThFAST: 3

#--------------------------------------------------------------------------------------------
# Viewer Parameters
#--------------------------------------------------------------------------------------------
Viewer.KeyFrameSize: 0.05
Viewer.KeyFrameLineWidth: 1
Viewer.GraphLineWidth: 0.9
Viewer.PointSize:2
Viewer.CameraSize: 0.08
Viewer.CameraLineWidth: 3
Viewer.ViewpointX: 0
Viewer.ViewpointY: -0.7
Viewer.ViewpointZ: -1.8
Viewer.ViewpointF: 500

# Optimization Parameters
Optimizer.visual_lamda: 1
Optimizer.DVL_lamda: 10
Optimizer.DVL_lamda_debug: 1
Optimizer.DVL_func: 1
Optimizer.KF_init_step: 0.0
Optimizer.KF_num_for_init: 200
Optimizer.calibrated: 1 # 0 or 1
Optimizer.mergingThreshold: 3
Tracker.KFThresholdForMap: 10
Tracker.ReLocalTime: 5


alpha: !!opencv-matrix
  rows: 4
  cols: 1
  dt: f
  data: [ 1.1780, 1.1780, 1.1780, 1.1780]
beta: !!opencv-matrix
  rows: 4
  cols: 1
  dt: f
  data: [ 0.7854, 0.7854, 0.7854, 0.7854]

# IMU Parameters  -0.0539971  0.0286326
Tbc: !!opencv-matrix
  rows: 4
  cols: 4
  dt: f
  data: [ 0,  0,   1,   0.4, # real rov
          -1,  0,   0,    0,
          0,  -1,  0,    0.1,
          0,  0,   0,    1 ]
IMU.Frequency: 300
IMU.NoiseGyro: 0.1
IMU.NoiseAcc: 0.1
IMU.GyroWalk: 0.01
IMU.AccWalk: 0.01

VisualIntegration: 0

#LeftImgTopic: "/camera/left/image_dehazed"
#RightImgTopic: "/camera/right/image_dehazed"
LeftImgTopic: "/img_l"
RightImgTopic: "/img_r"
ImuTopic: "/imu/data"
DvlTopic: "/bluerov2/DVL"
EnableLoopDetection: 1

# IMU to orb
# only use rotation
T_gyro_c: !!opencv-matrix
  rows: 4
  cols: 4
  dt: f
  data: [ 0.079044774353702135,  -0.99439043359826096, -0.070282211231823016, 0.13, #tf gx5 to camera, 2022/10/24 data collection
          -0.028188393175066075,  0.068245041001919582,  -0.99727028877273516, -0.25,
          0.99647244725460438,  0.080810147549107897, -0.022635854645036313, -0.06,
          0, 0, 0, 1 ]
#  data: [ -0.025627013068640403,  -0.027523668915143649,   -0.99929260171915124,   0.13, # real rov
#          0.0019232000194252391,    0.99961769576091752,  -0.027581943791494354,    -0.25,
#          0.99966972421038436, -0.0026286823850409039,   -0.02556428223231702,    -0.06,
#          0,  0,   0,    1 ]
#  data: [ 1,  0,   0,   0, # I
#          0,  1,   0,    0,
#          0,  0,  1,    0,
#          0,  0,   0,    1 ]

T_dvl_c: !!opencv-matrix
  rows: 4
  cols: 4
  dt: f
#  data: [ 0,  0,   1,   0.4, # real rov
#          -1,  0,   0,    0,
#          0,  -1,  0,    0.1,
#          0,  0,   0,    1 ]
  data: [ -0.050616530414611553, -0.041923403320645092,   0.99783786012698528,   0.10060381898008802, # real rov 4-beam
          0.99857956351442967,  0.014520198613423137,  0.051264209381967372,    0.044242992513024326,
          -0.016637974038871173,   0.99901531123714082,  0.041128891714226568,    -0.24123071505358376,
          0,  0,   0,    1 ]

DenseMapper:
  enable: 0
  P1: 200.0
  P2: 400.0
  correlation_window_size: 21
  disp12MaxDiff: 0
  disparity_range: 176
  fullDP: false
  min_disparity: 0
  prefilter_cap: 10
  prefilter_size: 5
  speckle_range: 10
  speckle_size: 10
  stereo_algorithm: 0
  texture_threshold: 5
  uniqueness_ratio: 15.0
  leaf_size: 0.05
  mean_k: 500
  std_thred: 0.5